687
156
152
0.92
242
332
258
0.73
162
869
576
0.97
447
417
540
0.95
985
728
883
0.14
762
867
299
0.90
917
268
769
0.27
537
206
574
0.36
882
586
24
0.08
214
970
584
0.64
697
145
632
0.50
872
863
785
0.68
878
62
298
0.54
71
777
628
0.09
17
536
922
0.45
676
437
997
0.68
776
588
924
0.92
226
284
732
0.72
311
987
939
0.98
267
805
900
0.20
38
510
625
0.70
265
71
770
0.75
218
330
749
1.01
298
513
605
0.30
672
326
956
0.17
971
739
407
0.49
484
383
216
0.15
476
248
334
0.12
592
900
120
0.74
11
305
386
0.09
508
551
876
0.87
309
851
983
0.26
779
311
525
0.71
113
771
654
0.83
390
668
159
0.98
867
746
197
0.41
22
456
468
0.16
505
456
291
0.35
524
983
781
0.70
100
511
472
0.55
578
983
216
0.91
418
174
505
0.32
262
169
964
0.34
963
541
105
0.89
986
201
548
0.51
778
40
346
0.13
804
78
569
0.33
940
786
643
0.91
599
59
867
0.36
782
933
781
0.47
720
610
649
0.66
655
33
995
0.38
378
300
820
0.46
940
377
944
0.25
777
752
282
0.09
360
179
534
0.27
650
330
736
0.25
507
30
249
0.82
773
713
10
0.20
693
543
289
0.97
211
96
504
0.16
873
89
795
0.75
228
146
180
0.89
449
292
509
0.08
858
948
36
0.17
325
606
812
0.63
379
167
293
0.89
915
65
622
0.17
442
752
915
0.31
767
956
437
0.86
272
196
174
0.53
429
667
1000
0.56
155
50
77
0.26
939
851
257
0.82
169
942
917
0.36
859
17
290
0.93
674
443
795
0.75
806
599
717
0.82
161
602
908
0.12
967
809
248
0.57
380
754
558
0.49
802
235
69
0.91
629
440
113
0.08
34
165
485
0.12
549
887
827
0.13
341
18
53
0.22
573
408
710
0.79
2
23
91
0.19
403
313
341
0.56
715
728
209
0.31
103
76
764
0.06
844
301
902
0.04
474
460
122
0.65
773
328
997
0.89
308
945
808
0.17
88
564
945
0.86
400
27
987
0.17
257
296
256
0.70
370
719
385
0.30
61
524
754
0.19
184
241
500
0.82
186
462
65
0.14
247
187
328
0.57
240
61
441
0.78
512
688
258
0.19
261
228
115
0.23
845
738
477
0.68
983
354
814
0.34
854
825
600
0.26
453
311
421
0.07
465
311
850
0.68
697
438
951
0.29
450
775
101
0.11
849
183
998
0.03
655
172
871
0.39
209
692
502
0.01
260
340
577
0.79
350
931
66
0.96
198
825
512
0.09
945
488
134
0.85
192
341
449
0.51
211
403
277
0.28
1000
651
89
0.66
693
966
322
0.26
941
950
441
0.29
727
501
469
0.10
41
785
430
0.63
563
739
601
0.05
469
724
691
0.07
164
1000
91
0.81
808
868
261
0.23
228
588
744
0.35
137
539
170
0.36
400
196
983
0.76
297
666
39
0.25
313
617
301
0.32
486
100
151
0.54
681
799
778
0.88
224
455
71
1.00
726
616
301
0.34
786
298
809
0.44
552
704
584
0.83
8
540
799
0.89
34
617
538
0.79
112
474
64
0.68
611
65
699
0.29
140
427
135
0.44
574
185
885
0.24
322
377
260
0.79
691
986
520
0.41
889
693
1000
0.43
275
666
784
0.83
134
57
945
0.52
925
659
925
0.35
907
685
212
0.15
170
244
101
0.78
890
797
857
0.61
508
609
711
0.03
546
435
233
0.58
650
731
634
0.57
437
754
565
0.66
533
349
680
0.90
566
963
190
0.63
236
309
601
0.14
961
328
369
0.55
680
197
9
0.97
776
157
980
0.78
210
139
606
0.75
452
292
982
0.81
410
631
611
0.57
23
852
6
0.31
587
666
903
0.62
967
124
78
0.67
707
974
614
0.52
271
719
264
0.06
237
495
189
0.41
869
698
290
0.95
426
108
63
0.74
766
845
476
0.07
834
812
270
0.17
339
153
944
0.21
203
73
543
0.23
811
34
900
0.33
63
140
86
0.42
146
104
941
0.26
942
986
204
0.89
281
448
697
0.03
643
717
351
0.93
793
904
122
0.30
401
145
274
0.49
125
292
847
0.04
616
747
888
0.71
52
404
551
0.48
969
44
194
0.23
207
415
739
0.86
638
789
15
0.79
255
497
36
0.93
170
144
361
0.44
821
941
264
0.95
517
424
903
0.32
412
731
836
0.71
409
992
789
0.62
485
170
556
0.36
282
675
31
0.62
749
238
630
0.17
414
812
27
0.20
521
182
901
0.13
75
174
617
0.41
435
278
254
0.42
253
200
919
0.20
212
615
556
0.76
111
974
351
0.73
930
986
121
0.36
923
699
183
0.51
857
833
557
0.41
261
657
935
0.81
836
704
583
0.18
892
76
489
0.90
786
963
549
0.90
306
304
107
0.65
455
199
762
0.68
112
516
415
0.45
761
85
231
0.55
156
904
640
0.07
12
492
628
0.75
351
235
332
0.20
650
183
711
0.28
803
631
422
0.91
700
848
786
0.77
592
384
985
0.75
351
565
496
0.62
77
282
162
0.38
295
434
53
0.51
267
380
402
0.09
546
543
755
0.81
676
257
341
0.45
543
465
955
0.52
466
396
553
0.13
689
787
849
0.26
259
33
691
0.68
145
383
974
0.50
704
536
428
0.62
245
618
58
0.20
537
382
783
0.42
357
638
500
0.91
963
601
184
0.99
29
480
65
0.42
78
61
544
0.10
21
561
821
0.70
842
581
56
0.83
119
446
740
0.99
983
707
967
0.39
166
755
280
0.89
320
363
106
0.20
384
565
618
0.84
735
134
166
0.06
661
418
160
0.73
232
934
858
0.16
421
587
694
0.56
936
179
747
0.66
490
183
941
0.54
512
904
120
0.50
897
196
45
0.17
573
210
223
0.33
668
71
597
0.17
983
401
298
0.78
115
32
207
0.25
3
592
922
0.45
65
850
135
0.12
724
164
81
0.27
475
519
540
0.59
301
514
414
0.60
117
32
389
0.09
957
478
669
0.35
421
547
955
0.39
838
589
738
0.46
934
209
277
0.63
579
149
88
0.24
409
569
201
0.27
104
108
226
0.24
336
162
507
0.27
1
471
743
0.76
696
47
926
0.80
14
379
962
0.26
951
236
989
0.93
15
412
332
0.40
337
485
692
0.15
42
613
618
0.27
195
909
228
0.09
752
831
815
0.67
876
159
137
0.93
170
206
912
0.27
526
310
682
0.04
140
365
807
0.97
726
635
20
0.11
812
854
140
0.50
22
718
685
0.16
889
554
7
0.72
830
812
544
0.18
623
215
446
0.61
247
550
373
0.40
939
152
939
0.09
180
568
515
0.84
836
788
516
0.66
575
29
277
0.03
344
835
485
0.34
988
180
505
0.80
600
395
18
0.30
599
964
732
0.07
506
381
451
0.93
611
260
256
0.65
406
508
689
0.93
701
947
971
0.03
832
450
416
0.08
331
182
349
0.59
138
185
906
0.50
671
115
469
0.13
807
820
588
0.01
386
790
682
0.24
190
64
861
0.28
80
799
980
0.18
530
915
857
0.75
328
170
622
0.24
60
979
546
0.79
825
796
932
0.42
517
657
98
0.76
711
487
13
0.20
343
757
552
0.90
624
823
308
0.39
684
198
758
0.58
689
995
733
0.83
222
72
563
0.83
737
472
457
0.48
502
77
980
0.73
585
517
623
0.46
346
665
130
0.89
577
578
474
0.77
669
889
483
0.64
969
675
142
0.56
724
349
198
0.85
255
741
693
0.23
999
816
773
0.66
723
782
358
0.97
448
422
135
0.79
19
931
436
0.25
76
863
465
0.56
216
17
612
0.36
258
402
901
0.72
680
840
677
0.72
867
778
174
0.09
486
258
723
0.18
677
735
720
0.30
818
248
918
0.27
920
546
646
0.53
884
130
597
0.61
406
318
808
0.84
155
57
3
0.53
1000
677
192
0.31
641
216
998
0.82
29
781
594
0.86
119
106
701
0.66
729
95
846
0.86
391
981
294
0.13
157
102
736
0.16
858
800
468
0.12
518
503
218
0.26
744
679
128
0.89
685
912
352
0.75
821
719
290
0.70
124
118
826
0.67
369
722
403
0.22
214
21
959
0.56
92
20
602
0.67
750
525
459
0.72
776
600
526
0.84
765
42
749
0.74
848
420
199
0.79
166
627
582
0.55
45
661
253
0.48
330
750
507
0.22
186
100
936
0.26
689
407
758
0.04
769
760
515
0.20
275
585
659
0.32
661
584
477
0.10
534
363
557
0.52
565
120
735
0.18
254
393
644
0.37
941
148
604
0.14
510
603
863
0.70
830
780
708
0.47
257
912
739
0.29
988
681
941
0.52
12
190
653
0.88
798
115
992
0.47
803
500
673
0.99
515
743
18
1.00
777
687
260
0.93
661
580
133
0.62
403
655
433
0.58
170
944
116
0.82
122
799
440
0.50
728
476
282
0.75
750
312
338
0.80
122
677
492
0.99
179
882
737
0.68
872
199
269
0.73
177
178
880
0.29
985
306
154
0.63
162
364
289
0.71
104
145
759
0.62
994
528
649
0.11
170
121
22
0.20
991
325
881
0.07
746
218
92
0.44
652
480
550
0.92
852
587
924
0.88
678
573
54
0.25
611
428
506
0.53
873
278
944
0.87
149
404
761
0.56
757
762
589
0.80
628
141
543
0.78
969
931
666
0.09
726
137
723
0.25
37
230
151
0.13
223
662
218
0.74
460
982
195
0.44
873
425
603
0.01
585
196
700
0.62
713
527
862
0.06
280
197
854
0.65
747
41
768
0.72
719
298
473
0.46
639
780
96
0.69
10
467
956
0.05
101
479
783
0.77
423
354
957
0.64
890
632
455
0.80
298
219
227
0.82
904
201
97
0.92
462
250
549
0.54
785
765
732
0.03
984
959
69
0.80
188
863
88
0.42
102
343
998
0.99
921
943
1
0.35
360
817
779
0.91
822
347
443
0.88
598
402
198
0.62
956
693
911
0.19
974
864
756
0.62
41
145
595
0.75
266
348
311
0.76
530
374
600
0.41
691
446
31
0.74
983
641
442
0.97
398
994
796
1.00
19
609
692
0.12
522
989
395
0.04
565
368
543
0.23
276
625
793
0.80
220
451
472
0.61
419
697
448
0.77
440
308
814
0.94
954
972
562
0.82
995
154
484
0.10
435
261
762
0.31
227
553
436
0.59
645
828
780
0.54
596
523
87
0.79
110
571
6
0.93
615
559
72
0.77
219
851
239
0.73
737
155
755
0.82
48
172
658
0.79
643
737
79
0.79
368
841
972
0.66
193
502
281
0.15
150
325
62
0.58
436
414
373
0.73
473
499
836
0.96
811
488
4
0.49
45
252
965
0.11
789
503
886
0.78
822
420
947
0.41
161
674
818
0.67
284
196
652
0.82
19
251
620
0.55
485
250
503
0.12
554
17
755
0.93
166
57
210
0.33
648
404
320
0.76
510
365
360
0.64
990
731
836
0.22
914
488
310
0.57
416
432
81
0.37
76
566
515
0.77
469
992
491
0.82
827
878
487
0.56
49
130
761
0.43
784
674
306
0.68
924
83
113
0.39
299
816
547
0.08
596
856
848
0.99
299
445
357
0.84
921
589
317
0.20
176
651
527
0.74
102
324
476
0.90
267
264
744
0.10
663
474
765
0.67
331
429
704
0.05
303
94
743
0.33
567
903
216
0.03
686
584
420
0.12
354
787
693
0.33
321
453
634
0.88
821
139
73
0.36
714
556
135
0.40
515
922
250
0.72
214
709
578
0.75
527
795
138
0.63
244
236
837
0.53
198
245
654
0.10
470
395
968
0.64
694
28
792
0.12
693
997
759
0.12
31
351
655
0.20
866
277
424
0.55
103
655
993
0.37
707
109
856
0.68
601
257
135
0.61
59
45
715
0.57
938
47
914
0.62
40
219
319
0.52
854
653
50
0.33
344
33
926
0.72
667
660
975
0.88
550
540
646
0.66
616
182
558
0.08
783
923
175
0.31
607
138
511
0.05
876
155
661
0.61
725
198
936
0.96
779
782
765
0.23
517
612
375
0.60
337
858
382
0.68
426
70
555
0.15
150
587
697
0.67
382
602
908
0.44
714
951
744
0.13
786
377
753
0.93
867
522
640
0.94
354
208
582
0.57
587
488
160
0.70
353
906
242
0.04
483
70
662
0.71
938
168
370
0.68
114
359
87
0.83
654
942
724
0.46
775
51
594
0.10
344
673
163
0.02
465
965
890
0.77
77
335
459
0.10
524
140
396
0.65
100
569
729
0.68
996
667
307
0.34
68
334
987
0.83
719
867
747
0.15
780
87
406
0.32
332
427
999
0.58
969
384
107
0.49
132
327
392
0.71
591
528
593
0.36
806
971
598
0.99
780
554
882
0.99
137
192
412
0.98
823
665
32
0.09
720
202
45
0.53
711
393
541
0.08
738
238
7
0.26
628
738
646
0.87
151
886
968
0.87
366
517
832
0.59
376
590
146
0.26
923
14
72
0.41
708
541
816
0.34
37
230
562
0.73
343
107
718
0.57
625
193
384
0.02
49
143
315
0.27
288
873
756
0.11
937
613
974
0.93
623
941
194
0.06
173
100
882
0.91
170
307
865
0.42
739
651
504
0.83
975
814
539
0.27
159
815
685
0.43
624
125
539
0.15
281
36
827
0.73
168
989
333
0.75
969
216
594
0.56
42
275
599
0.32
642
593
326
0.94
478
665
310
1.01
475
399
944
0.55
484
221
365
0.24
278
84
999
0.74
729
966
787
0.40
922
992
62
0.67
505
301
689
0.57
970
40
641
0.10
899
261
843
0.80
959
513
965
0.34
897
958
743
0.67
519
627
224
0.96
712
235
731
0.08
706
807
290
0.74
666
610
616
0.21
769
651
258
0.65
997
768
35
0.32
589
3
576
0.24
444
723
995
0.21
295
198
722
0.48
723
639
580
0.03
865
557
366
0.26
615
440
810
0.83
233
939
863
0.48
682
678
789
0.01
365
126
360
0.40
239
285
546
0.39
107
2
236
0.52
603
359
578
0.31
645
335
771
0.53
10
845
217
0.37
209
696
684
0.44
331
544
81
0.04
618
757
769
0.11
415
591
452
0.84
510
506
796
0.45
551
319
603
0.98
333
303
523
0.55
431
42
646
0.26
171
122
898
0.37
664
779
673
0.47
848
136
105
0.29
894
754
308
0.23
102
76
252
0.99
9
459
798
0.84
552
860
419
0.99
988
88
310
0.20
386
908
945
0.37
139
79
295
0.90
989
85
549
0.90
99
167
18
0.87
245
976
909
0.16
342
543
496
0.91
828
675
875
0.29
948
865
910
0.37
340
278
468
0.15
773
320
630
0.38
962
918
272
0.17
14
708
325
0.33
699
930
827
0.21
932
664
448
0.18
967
655
174
0.36
217
904
761
0.26
478
852
86
0.68
961
593
183
0.81
721
262
115
0.79
408
352
81
0.16
480
717
936
0.26
701
628
657
0.45
298
899
350
0.45
734
827
362
0.55
780
973
850
0.16
406
18
908
0.58
863
881
477
0.04
48
377
42
0.75
603
171
381
0.36
838
546
183
0.74
930
101
483
0.89
725
892
577
0.18
951
778
959
0.28
66
406
109
0.51
68
620
637
0.63
31
952
751
0.39
428
794
387
0.40
639
31
600
0.99
546
997
949
0.43
333
146
899
0.49
232
417
805
0.38
785
148
648
0.77
612
601
184
0.85
851
703
844
0.96
214
903
457
0.73
605
235
600
0.16
474
498
157
0.60
995
477
602
0.14
936
528
959
0.65
650
828
882
0.47
250
894
940
0.23
960
576
951
0.98
257
16
83
0.43
869
986
493
0.21
789
479
388
0.43
604
257
171
0.23
307
301
774
0.07
670
213
607
1.01
541
985
624
0.20
474
867
326
0.59
563
80
186
0.71
736
622
415
0.73
52
419
612
0.03
874
948
576
0.93
963
466
699
0.37
235
345
96
0.50
690
132
742
0.79
869
555
53
0.57
579
857
290
0.76
343
684
788
0.84
155
22
646
0.34
561
19
81
0.34
378
336
915
0.82
963
775
457
0.80
23
84
566
0.64
245
248
120
0.66
68
990
323
0.09
464
231
933
0.96
845
969
628
0.51
698
928
172
0.51
418
226
425
0.97
674
718
586
0.79
297
101
956
0.72
519
467
810
0.85
991
585
645
0.86
395
338
844
0.43
672
374
665
0.20
844
888
258
0.59
638
985
129
0.26
446
920
564
0.33
584
342
785
0.23
280
542
191
0.50
767
162
69
0.09
378
730
948
0.65
774
462
523
0.42
34
680
653
0.57
784
982
348
0.11
478
880
802
0.07
924
56
522
0.43
537
592
89
0.42
200
213
481
0.08
437
377
188
0.91
262
272
522
0.12
844
968
910
0.78
742
854
507
0.45
523
95
820
0.09
404
215
541
0.43
232
417
116
0.03
510
440
16
0.23
917
62
967
0.07
655
706
757
0.54
894
123
386
0.02
18
368
701
0.61
29
321
237
0.27
419
429
674
0.13
926
633
746
0.43
873
834
535
0.21
639
810
153
0.61
812
371
439
0.70
828
250
4
0.44
101
72
632
0.67
858
355
349
0.87
698
723
791
0.61
877
395
419
0.72
519
222
142
0.11
