88
0.25
364
0.73
789
0.13
12
0.97
15
0.23
982
0.33
129
0.65
10
0.65
372
0.00
479
0.49
52
0.28
120
0.69
120
0.46
266
0.64
477
0.26
752
0.42
877
0.88
215
0.23
15
0.46
372
0.21
622
0.84
420
0.68
719
0.07
829
0.21
647
0.83
69
0.12
559
0.93
910
0.63
792
0.53
183
0.12
309
0.14
80
0.55
973
0.73
397
0.10
834
0.16
334
0.71
388
0.36
259
0.27
676
0.51
615
0.42
925
0.96
755
0.08
281
0.88
123
0.46
12
0.96
847
0.62
547
0.99
944
0.99
371
0.81
619
0.67
544
0.33
750
0.16
774
0.29
520
0.11
538
0.88
567
0.67
229
0.94
282
0.48
900
0.32
725
0.78
826
0.33
834
0.88
166
0.11
429
0.29
985
0.77
563
0.53
187
0.65
693
0.28
534
0.62
259
0.91
956
0.90
591
0.90
161
0.81
803
0.42
797
0.37
535
0.09
447
0.10
855
0.32
862
0.40
182
0.05
384
0.02
380
0.68
129
0.71
596
0.74
149
0.65
503
0.70
69
0.64
907
0.26
912
0.99
742
0.35
237
0.92
699
0.29
204
0.29
910
0.12
390
0.82
15
0.71
504
0.11
605
0.79
760
0.80
902
0.90
95
0.95
886
0.20
572
0.82
768
0.01
995
0.09
617
0.14
250
0.56
825
0.51
264
0.21
117
0.29
938
0.26
949
0.61
610
0.51
898
0.84
419
0.41
927
0.40
885
0.24
130
0.24
590
0.73
226
0.40
186
0.67
630
0.48
781
0.66
521
0.85
838
0.06
906
0.18
752
0.84
285
0.27
18
0.60
655
0.29
291
0.32
703
0.01
978
0.79
335
0.65
887
0.31
989
0.12
592
0.47
835
0.18
692
0.94
880
0.51
617
0.49
909
0.37
502
0.75
124
0.48
923
0.46
663
0.18
508
0.65
405
0.57
64
0.17
488
0.58
321
0.03
256
0.91
32
0.81
867
0.76
9
0.59
385
0.93
701
0.28
894
0.91
737
0.96
151
0.71
287
0.68
82
0.91
972
0.50
449
0.45
283
0.24
274
0.10
857
0.01
69
0.28
98
0.21
361
0.87
668
0.26
802
0.17
383
0.89
532
0.06
134
0.18
319
0.39
341
0.08
677
0.83
383
0.92
122
0.30
922
0.36
743
0.85
229
0.18
669
0.48
837
0.59
71
0.79
563
0.23
72
0.50
188
0.47
179
0.07
618
0.56
490
0.65
935
0.02
103
0.65
320
0.55
387
0.21
268
0.87
467
0.92
635
0.08
697
0.26
810
0.18
392
0.17
170
0.34
157
0.40
723
0.97
333
0.35
706
0.26
435
0.69
354
0.85
189
0.13
624
0.95
923
0.52
920
0.42
800
0.84
686
0.58
450
0.43
573
0.62
899
0.26
342
0.64
242
0.46
193
0.26
144
0.74
468
0.19
92
0.07
126
0.80
882
0.94
792
0.88
211
0.74
27
0.46
908
0.67
666
0.67
858
0.69
256
0.57
990
0.79
290
0.40
815
0.92
237
0.48
465
0.79
618
0.41
15
0.32
33
0.23
375
0.84
956
0.36
59
0.75
664
0.62
796
0.15
104
0.30
61
0.62
635
0.80
105
0.54
658
0.16
904
0.18
50
0.61
704
0.53
544
0.91
451
0.20
248
0.27
637
0.81
714
0.26
916
0.30
906
0.42
748
0.99
932
0.55
497
0.04
912
0.83
942
0.48
966
0.09
164
0.66
352
0.88
267
0.45
468
0.25
97
0.56
779
0.55
942
0.42
942
0.58
235
0.13
407
0.81
548
0.34
911
0.51
858
0.98
320
0.43
427
0.75
582
0.47
963
0.02
904
0.72
422
0.67
599
0.07
474
0.82
307
0.68
883
0.19
83
0.69
957
0.94
91
0.74
208
0.63
814
0.72
202
0.82
47
0.72
239
0.87
508
0.60
521
0.86
893
0.62
629
0.95
509
0.76
62
0.11
84
0.76
675
0.30
178
0.92
391
0.92
33
0.44
805
0.97
715
0.84
979
0.81
758
0.40
146
0.40
338
0.47
535
0.52
404
0.77
88
0.49
694
0.45
909
0.95
544
0.75
386
0.04
541
0.98
161
0.58
123
0.42
19
0.50
705
0.01
461
0.36
338
0.41
4
0.72
291
0.09
816
0.84
402
0.27
596
0.04
311
0.61
294
0.76
757
0.38
641
0.61
781
0.60
537
0.12
335
0.02
416
0.99
945
0.29
878
0.42
540
0.71
271
0.83
337
0.29
206
0.03
731
0.90
152
0.58
328
0.95
258
0.10
447
0.57
58
0.30
447
0.73
556
0.39
993
0.77
400
0.68
208
0.25
224
0.33
37
0.16
91
0.49
812
0.16
866
0.69
383
0.46
594
0.92
943
0.02
610
0.48
105
0.33
572
0.31
420
0.35
203
0.91
17
0.63
722
0.84
842
0.22
212
0.50
332
0.79
735
0.14
307
0.98
371
0.70
840
0.12
189
0.81
334
0.58
520
0.20
815
0.54
98
0.57
619
0.14
22
0.76
235
0.64
391
0.63
461
0.63
655
0.48
123
0.32
617
0.93
680
0.35
994
0.03
753
0.22
360
0.16
661
0.11
345
0.53
604
0.76
276
0.50
433
0.30
361
0.36
31
0.11
393
0.16
793
0.44
146
0.42
666
0.31
577
0.80
887
0.73
656
0.42
112
0.09
63
0.35
560
0.64
202
0.47
154
0.98
37
0.27
728
0.78
433
0.70
369
0.50
76
0.76
979
0.29
476
0.21
37
0.07
296
0.61
514
0.13
867
0.90
753
0.22
138
0.60
836
0.59
886
0.11
507
0.46
755
0.51
455
0.10
300
0.39
371
0.66
887
0.71
674
0.54
466
0.72
387
0.08
754
0.16
198
0.63
882
0.50
370
0.74
151
0.76
802
0.36
432
0.46
703
0.69
641
0.93
92
0.80
846
0.60
921
0.40
36
0.61
214
0.66
194
0.09
845
0.03
978
0.44
788
0.40
86
0.93
226
0.11
676
0.42
740
0.87
185
0.68
631
0.10
82
0.06
367
0.66
52
0.75
759
0.30
785
0.41
373
0.24
885
0.75
94
0.61
476
0.85
61
0.41
519
0.08
783
0.91
239
0.98
724
0.92
157
0.46
382
0.14
65
0.05
527
0.00
182
0.69
23
0.91
307
0.06
637
0.14
347
0.67
425
0.98
898
0.98
421
0.86
417
0.56
450
0.25
827
0.67
821
0.78
103
0.29
375
0.69
584
0.31
34
0.74
197
0.67
47
0.65
112
0.95
584
0.35
269
0.12
646
0.16
664
0.40
260
0.74
781
0.85
364
0.08
5
0.62
384
0.53
595
0.44
787
0.99
266
0.94
701
0.77
345
0.66
417
0.80
324
0.88
799
0.06
496
0.77
852
0.46
828
0.69
414
0.18
44
0.19
640
0.46
172
0.12
545
0.31
1000
0.85
910
0.99
778
0.33
402
0.78
938
0.69
883
0.95
857
0.98
204
0.42
587
0.50
377
0.54
482
0.20
261
0.47
512
0.51
682
0.81
687
0.84
633
0.00
464
0.06
981
0.26
79
0.56
746
0.49
267
0.24
973
0.34
772
0.03
954
0.17
975
0.67
219
0.98
976
0.00
852
0.92
237
0.82
663
0.30
323
0.07
449
0.66
659
0.24
599
0.33
332
0.19
772
0.44
242
0.56
427
0.30
758
0.60
5
0.44
592
0.93
629
0.68
534
0.50
276
0.71
858
0.99
185
0.16
809
0.42
127
0.38
377
0.67
181
0.13
691
0.35
111
0.27
838
0.05
326
0.61
571
0.61
63
0.22
650
0.05
12
0.75
607
0.25
525
0.07
17
0.90
967
0.80
914
0.65
290
0.31
362
0.56
273
0.42
889
0.79
497
0.50
275
0.94
798
0.40
917
0.70
106
0.92
122
0.16
585
0.38
732
0.74
987
0.27
88
0.66
847
0.39
444
0.43
828
0.14
366
0.54
441
0.56
284
0.24
671
0.71
954
0.46
215
0.52
42
0.63
272
0.48
588
0.67
1
0.57
756
0.13
768
0.64
523
0.70
85
0.87
553
0.67
192
0.56
617
0.03
631
0.64
262
0.15
148
0.80
866
0.95
370
0.31
15
0.48
247
0.36
196
0.40
356
0.91
150
0.29
350
0.67
250
0.09
300
0.14
787
0.82
204
0.98
290
0.97
42
0.78
600
0.42
16
0.83
349
0.92
600
0.58
688
0.45
204
0.75
906
0.21
714
0.32
885
0.79
375
0.48
924
0.25
765
0.51
871
0.32
780
0.46
668
0.31
991
0.48
674
0.25
387
0.96
687
0.91
503
0.94
790
0.52
70
0.80
559
0.54
299
0.92
486
0.10
402
0.86
537
0.32
609
0.88
501
0.54
376
0.01
939
0.34
42
0.60
843
0.94
947
0.52
358
0.69
625
0.60
66
0.70
714
0.16
670
0.40
166
0.66
799
0.66
509
0.51
909
0.88
38
0.59
847
0.51
648
0.55
331
0.12
994
0.58
499
0.71
434
0.29
909
0.58
74
0.11
749
0.77
479
0.74
942
0.05
352
0.99
560
0.14
686
0.77
522
0.41
79
0.06
591
0.11
641
0.24
890
0.64
541
0.53
138
0.44
398
0.24
41
0.93
574
0.47
440
0.84
108
0.91
799
0.35
556
0.98
39
0.22
800
0.33
69
0.51
440
0.58
466
0.03
192
0.50
715
0.10
664
0.86
298
0.38
132
0.28
140
0.61
85
0.89
956
0.57
263
0.07
967
0.43
237
0.58
890
0.73
990
0.29
938
0.81
943
0.41
101
0.29
977
0.93
941
0.96
492
0.83
252
0.80
169
0.52
4
0.33
20
0.61
424
0.29
551
0.11
615
0.04
307
0.64
346
0.63
836
0.91
387
0.38
819
0.96
295
0.22
932
0.56
807
0.33
243
0.92
789
0.05
40
0.93
801
0.97
954
0.88
149
0.23
936
0.07
616
0.55
485
0.32
51
0.54
919
0.84
954
0.86
117
0.24
913
0.59
597
0.79
829
0.34
550
0.54
713
0.06
89
0.79
691
0.68
963
0.22
1
0.71
959
0.27
54
0.88
4
0.40
