819
510
6
904
778
11
893
255
7
545
235
6
721
860
7
183
988
2
81
276
4
799
716
10
557
875
4
625
176
1
246
688
5
183
699
0
655
486
2
250
416
0
713
543
11
420
210
9
23
183
6
482
907
10
966
196
2
582
719
5
408
645
5
974
57
10
663
192
3
486
20
1
854
243
7
622
639
9
651
643
9
592
780
10
569
784
9
935
48
9
9
208
4
66
671
1
464
596
10
607
569
8
852
29
2
537
161
7
641
744
11
764
766
11
222
866
6
28
935
1
368
177
8
634
225
1
171
34
11
340
575
9
748
531
10
29
946
4
764
911
11
502
585
6
446
289
11
799
209
0
745
669
2
877
868
10
52
703
8
921
900
5
429
564
10
864
278
9
394
522
8
727
277
8
999
391
5
994
902
10
140
643
11
807
310
3
975
990
1
210
533
9
932
331
6
550
907
7
984
231
1
343
60
11
533
293
4
640
880
10
325
3
3
718
741
1
844
596
10
733
55
9
445
516
11
544
231
9
768
638
3
741
50
11
110
397
11
159
903
10
25
107
1
800
337
8
442
842
1
617
471
3
7
300
7
271
247
6
487
853
2
996
425
3
411
425
3
854
585
4
194
133
11
614
208
6
613
476
1
660
313
6
192
620
5
113
510
3
133
641
8
770
40
1
742
1
2
110
962
8
53
930
11
959
66
8
330
960
1
67
250
1
422
980
5
36
887
1
796
716
3
425
277
6
896
815
7
199
539
11
759
516
8
27
719
2
855
199
10
13
34
10
408
438
3
240
61
4
556
998
7
634
287
7
457
692
2
210
803
7
409
769
11
68
548
2
432
13
1
663
725
6
918
548
2
440
31
6
640
529
7
428
144
1
728
759
7
11
115
10
148
192
7
951
398
0
483
785
3
256
985
4
325
120
1
517
4
4
569
285
9
853
268
10
117
987
2
250
753
7
480
680
7
437
799
8
339
813
8
830
226
5
915
350
9
53
946
6
46
993
3
903
538
5
391
122
3
226
243
8
505
223
10
852
141
2
294
16
4
82
121
3
218
918
6
288
323
5
763
32
4
473
304
3
759
797
6
408
969
8
427
586
3
58
347
11
576
490
10
229
406
11
855
477
1
621
714
2
575
402
11
477
420
10
98
666
9
627
256
5
296
30
0
849
80
8
216
220
5
837
790
8
127
33
0
521
2
4
941
300
1
331
155
6
374
902
6
130
924
7
330
144
7
715
333
9
398
352
10
713
208
1
453
228
3
495
536
10
821
491
7
799
369
7
349
454
3
27
229
10
751
74
6
12
227
0
116
798
0
851
239
10
216
641
5
115
151
1
521
758
1
502
525
11
785
444
3
820
615
0
863
162
4
552
779
2
695
109
9
915
604
2
399
498
10
503
924
9
682
278
6
214
939
0
304
800
9
693
859
7
33
211
3
792
792
9
22
521
1
433
446
2
876
928
8
660
788
1
119
881
2
199
278
0
101
497
7
604
290
8
874
111
10
183
408
8
444
457
9
930
971
4
817
320
7
221
643
0
361
501
10
582
797
3
907
846
2
676
889
4
574
532
9
251
619
6
247
12
6
143
852
0
531
216
8
687
581
8
677
230
4
574
461
10
890
440
8
298
922
9
371
956
5
472
230
6
758
668
1
621
949
10
936
817
3
685
745
0
750
665
3
858
695
5
384
698
0
950
787
3
685
795
3
954
891
9
763
46
4
1
170
10
148
215
3
414
333
4
552
67
7
742
378
11
852
151
0
832
947
5
578
91
1
867
584
5
795
316
10
4
209
0
429
369
1
387
450
5
515
942
4
195
576
1
808
274
1
663
114
8
371
286
2
216
460
6
819
367
7
165
941
8
555
39
4
59
959
10
501
262
7
524
573
2
887
874
9
357
893
3
519
290
7
71
878
11
658
772
10
717
991
11
722
731
6
221
13
0
267
224
8
877
10
10
589
837
0
203
171
8
22
796
1
33
22
5
571
49
9
653
484
4
39
319
7
615
285
10
637
338
6
943
506
2
354
769
10
326
383
5
347
583
11
642
810
11
53
441
10
698
705
1
91
428
1
289
712
10
709
903
7
971
50
11
850
90
5
871
582
8
27
177
11
717
840
4
221
804
6
884
672
0
528
531
10
839
810
0
973
148
4
201
765
2
390
152
11
22
344
0
973
800
4
279
586
10
492
800
4
254
777
7
519
897
9
572
581
11
26
709
2
4
953
8
87
17
3
807
227
6
33
111
9
45
230
1
399
136
6
94
845
10
614
686
8
289
950
1
198
427
0
127
67
3
754
854
5
283
893
10
377
606
4
481
316
2
574
511
5
447
233
11
446
142
5
311
335
1
846
41
11
964
853
7
241
500
1
37
439
7
459
836
0
335
649
9
633
866
1
689
633
1
841
775
5
933
106
2
336
290
7
583
818
6
340
794
10
566
872
11
712
695
3
597
703
4
786
907
5
503
349
5
737
676
9
178
578
5
30
908
2
836
71
11
588
879
3
125
935
8
696
122
4
91
175
6
399
741
10
377
544
10
330
781
4
714
985
4
729
472
7
645
482
5
737
456
2
986
476
2
310
345
2
461
912
7
968
649
7
720
887
8
24
638
10
915
994
11
45
445
9
544
238
2
227
705
6
362
365
9
810
16
10
535
268
2
740
912
1
694
895
4
746
941
5
849
511
1
905
116
4
319
571
3
908
208
6
507
520
9
118
219
7
391
481
4
237
689
8
970
64
1
951
5
0
83
955
3
624
563
3
692
826
10
139
743
9
271
279
1
363
368
8
890
110
6
503
830
3
182
455
10
517
856
1
926
360
6
121
161
10
612
219
9
689
200
5
729
787
4
7
548
1
820
55
10
842
645
7
667
926
9
491
100
0
861
81
4
205
89
1
344
481
9
620
656
7
609
888
10
474
852
6
871
988
6
687
325
0
251
566
0
875
914
7
180
372
8
832
326
2
797
61
6
416
692
8
966
54
1
338
45
1
977
660
1
366
817
7
948
924
9
297
782
5
384
218
0
512
454
4
263
750
9
560
223
11
844
301
0
107
468
1
867
769
9
520
187
4
56
477
2
891
682
3
62
813
8
819
63
9
593
519
0
653
571
0
914
255
1
529
685
3
311
748
3
344
730
2
13
443
6
364
991
4
346
304
11
618
149
7
225
11
8
830
612
8
413
774
9
420
616
7
779
406
9
278
429
0
255
113
9
395
53
9
68
541
11
515
512
1
506
339
4
997
886
8
986
236
8
871
307
0
346
327
5
211
887
3
457
40
2
836
835
9
91
315
3
332
598
0
981
287
7
438
17
9
490
543
7
323
891
10
386
888
2
323
978
6
411
368
9
465
530
7
336
110
2
78
278
2
324
278
4
807
426
8
817
140
3
638
771
8
510
128
1
242
934
2
849
882
10
430
133
2
759
905
11
980
378
10
132
157
3
248
609
4
486
658
10
707
548
3
681
248
3
808
345
10
674
94
5
41
167
6
259
920
6
838
583
4
502
680
4
910
215
5
698
498
6
620
735
6
825
377
2
380
599
10
606
463
8
291
696
5
506
448
10
784
364
5
351
900
6
373
784
4
477
576
0
539
524
1
307
841
10
791
895
4
132
683
2
222
982
11
439
411
3
295
781
4
9
163
0
915
225
7
541
680
4
918
807
1
638
837
9
934
58
5
823
864
10
620
508
0
209
782
8
458
98
8
859
143
2
571
577
8
744
529
5
962
160
9
973
771
10
204
906
10
780
841
5
755
408
8
976
383
1
893
295
7
735
165
4
796
502
6
936
471
3
386
570
8
937
908
0
547
108
1
77
836
3
837
979
3
189
60
3
412
546
0
54
118
6
420
932
3
648
882
5
754
240
5
179
176
8
559
795
5
335
5
0
121
641
2
623
242
3
607
510
0
420
553
6
193
527
0
674
919
10
541
313
5
457
55
2
817
770
1
447
165
11
226
805
8
797
98
4
110
602
2
228
625
2
916
654
9
843
890
11
557
578
9
378
159
0
793
357
8
977
560
8
290
1
10
468
261
10
931
176
3
297
766
9
109
800
2
981
71
3
459
187
6
431
797
11
940
672
10
289
751
4
649
108
11
135
82
8
876
179
0
26
525
3
332
450
10
705
180
3
903
193
7
119
217
11
142
229
0
227
252
8
399
944
2
20
675
11
292
888
11
866
567
2
1
477
9
828
248
8
89
436
10
892
899
7
404
10
11
370
808
4
965
992
11
10
465
3
280
976
3
977
101
0
457
760
7
604
290
1
912
391
9
581
837
10
161
209
1
350
98
10
958
521
8
735
321
3
688
221
3
7
428
11
916
318
11
353
843
1
951
883
10
734
884
10
849
669
2
992
410
4
794
694
7
74
770
8
12
204
0
244
371
1
118
385
4
616
597
8
706
280
2
856
998
9
510
922
10
558
179
3
585
37
8
679
933
0
832
227
3
32
534
3
401
662
6
428
522
2
529
289
10
965
734
9
65
639
8
41
543
2
890
24
4
241
474
9
636
524
6
535
54
1
840
870
8
933
283
10
730
538
5
830
22
11
992
600
7
485
143
0
552
56
7
253
781
7
101
289
9
109
925
10
783
223
8
510
393
5
645
655
0
27
784
4
193
193
3
35
242
7
828
923
10
995
808
1
230
675
0
759
325
2
931
596
9
341
200
7
548
862
1
327
733
1
289
44
0
42
454
10
503
516
5
773
887
8
191
734
9
319
190
2
61
708
7
291
433
8
678
399
5
887
418
3
111
914
8
730
168
4
247
803
5
399
374
7
190
290
2
63
478
6
138
679
1
32
962
1
747
771
7
278
887
4
612
941
0
384
308
6
571
367
10
436
925
11
327
42
3
542
925
0
889
894
8
564
439
0
355
665
5
633
271
0
424
628
1
337
576
10
475
917
2
395
919
8
138
130
1
863
87
11
949
545
4
127
578
4
918
629
5
454
486
6
724
843
5
371
965
9
51
535
0
509
790
7
492
315
6
748
916
0
289
969
8
601
251
6
929
101
1
400
62
9
732
802
4
969
736
6
698
295
9
210
94
4
426
189
0
408
434
7
134
694
7
256
341
11
111
739
0
804
254
11
767
928
6
90
148
0
542
838
11
339
480
1
688
903
1
100
780
11
959
538
3
724
621
10
248
432
1
811
877
1
120
31
8
940
189
8
446
274
4
665
869
7
538
797
9
922
808
5
721
663
5
311
219
4
68
547
4
855
305
11
795
800
7
709
760
1
568
235
7
307
978
9
549
15
0
