427
505
78
792
446
159
657
470
786
435
789
644
568
633
807
5
402
69
975
264
435
25
364
864
473
467
211
260
659
51
235
645
429
26
879
971
663
131
61
370
194
666
833
639
825
899
992
509
5
847
975
856
781
785
435
529
308
218
672
271
195
928
931
901
112
180
585
392
655
945
416
91
644
495
617
662
150
794
18
285
192
155
451
694
795
793
708
713
712
513
683
505
338
231
220
147
307
642
833
834
815
855
262
213
496
702
437
608
921
463
293
310
259
331
459
469
272
842
326
319
287
571
509
924
941
441
742
176
138
656
333
850
674
544
253
692
28
602
849
799
685
555
888
561
427
742
214
835
26
379
318
266
872
705
250
644
374
551
92
99
877
75
642
801
997
423
370
62
255
273
242
879
687
212
433
508
710
67
478
294
21
903
605
734
182
173
801
261
201
909
460
451
517
37
255
902
553
996
254
854
346
365
428
737
908
875
857
186
3
530
436
692
17
471
879
117
413
395
279
659
832
872
52
277
415
649
756
63
168
728
50
911
575
192
51
368
938
393
542
703
493
857
297
405
415
772
880
455
45
777
499
764
497
852
896
723
779
795
720
894
575
733
614
451
261
573
806
324
108
75
132
805
757
289
420
340
555
476
764
78
202
607
173
47
853
240
728
832
408
814
339
495
288
86
841
841
880
497
723
806
949
891
219
624
13
460
611
192
74
89
493
72
890
418
554
149
569
809
924
7
620
104
275
810
983
370
244
693
496
846
733
135
398
697
625
158
710
738
539
336
952
460
143
71
979
457
638
28
125
277
185
671
821
100
154
650
629
19
792
264
884
365
12
400
782
230
946
779
747
84
938
944
754
829
172
120
782
110
4
922
861
322
87
554
732
936
980
80
370
984
341
513
213
756
171
40
307
662
634
894
791
319
804
901
398
929
28
865
68
150
653
86
101
756
92
452
365
764
676
77
175
12
690
954
569
67
812
567
813
227
289
257
590
842
370
636
241
289
416
8
295
37
778
430
380
388
463
130
298
286
306
540
377
945
164
939
286
681
388
364
767
861
333
240
275
87
306
578
216
69
58
360
626
249
751
217
90
828
552
946
577
625
619
790
142
838
398
175
549
905
381
545
263
852
683
915
811
438
492
695
359
403
47
840
421
953
892
866
129
295
54
451
400
527
410
549
643
906
968
297
892
709
501
124
675
932
14
30
803
742
600
515
75
221
815
192
989
555
66
649
594
364
82
478
514
198
467
933
695
515
528
348
234
591
350
696
933
152
295
12
790
830
247
43
757
510
528
384
763
486
77
99
339
414
354
134
221
275
711
893
159
794
151
454
835
47
736
907
64
918
840
624
148
669
772
983
880
193
254
42
435
1000
783
72
576
571
937
644
171
404
715
148
376
751
745
602
686
97
778
907
419
80
368
382
204
690
163
169
490
655
979
125
938
215
728
710
927
617
195
207
769
973
256
725
641
213
43
23
859
811
129
835
647
211
246
14
897
571
454
4
124
69
512
951
22
509
856
830
208
226
995
649
846
179
683
456
403
614
640
737
187
826
793
870
698
911
688
422
927
95
212
794
922
990
890
203
264
133
829
834
928
916
235
990
937
605
926
190
297
446
257
227
511
829
371
788
900
103
144
296
838
105
56
330
101
784
250
347
564
449
711
387
376
291
562
801
67
37
217
571
989
720
572
627
781
155
303
982
584
423
6
585
938
185
672
848
437
608
410
699
861
733
39
734
933
103
998
413
458
977
347
204
378
128
410
276
808
380
724
569
692
390
419
107
301
171
795
476
185
995
288
983
349
915
190
709
859
983
869
796
439
853
532
516
485
821
635
419
590
260
35
571
794
309
362
915
962
574
291
483
926
828
810
163
397
997
757
970
959
638
179
499
623
279
894
451
128
63
955
300
243
218
392
728
81
231
15
743
747
700
94
198
553
114
390
172
372
849
531
514
153
470
765
79
164
852
190
319
157
793
364
294
270
21
958
587
6
186
582
181
183
973
340
72
837
975
749
549
367
302
53
408
86
721
189
604
856
821
108
452
682
578
88
445
929
195
521
456
199
758
28
517
406
979
609
255
85
275
995
334
697
953
700
255
623
699
13
618
246
137
413
102
226
309
685
925
526
478
51
124
102
54
721
821
131
774
257
210
600
320
276
182
892
608
603
389
652
605
384
19
116
521
59
163
274
556
565
604
264
560
499
445
930
288
909
395
650
933
291
232
809
786
920
875
780
866
662
569
563
49
880
175
655
250
619
965
561
773
315
129
99
73
512
851
702
48
345
485
222
701
538
85
753
917
731
988
637
314
433
253
342
317
951
129
349
865
241
536
298
444
780
561
990
332
407
778
511
565
731
736
681
224
430
708
812
127
360
172
837
283
737
568
756
474
837
240
445
919
858
142
131
5
28
487
190
400
10
1
474
487
367
585
50
115
84
191
671
582
559
690
827
316
767
449
312
573
897
999
252
909
919
474
23
606
895
197
596
933
760
402
366
547
735
464
366
1
181
736
883
84
659
334
858
38
41
884
100
195
976
819
631
827
194
220
407
262
791
144
254
899
955
429
470
557
798
145
458
866
112
46
68
301
434
386
820
269
711
269
785
923
920
518
656
540
345
688
255
370
300
485
580
257
620
145
373
211
786
954
729
790
150
976
583
173
693
90
191
340
275
236
692
358
618
34
408
777
846
720
102
550
796
276
678
999
91
279
419
556
49
829
447
491
444
602
373
218
675
22
821
92
443
817
833
470
138
219
627
404
579
110
139
854
273
924
57
692
62
168
714
125
412
409
717
703
154
712
815
196
901
632
712
223
264
392
923
49
769
85
974
659
120
825
528
207
712
658
569
287
11
130
263
717
939
27
926
217
934
408
301
763
976
286
397
873
839
103
325
47
841
870
941
144
428
911
101
118
427
239
464
512
316
4
152
236
692
329
319
725
482
715
563
179
804
349
591
607
336
365
645
326
916
939
338
11
51
154
385
329
502
269
166
224
503
261
140
702
852
510
144
488
272
895
657
632
849
146
441
996
873
265
529
658
696
57
193
462
447
280
911
282
699
511
470
114
482
847
805
252
679
622
807
813
148
257
222
987
611
485
919
294
280
469
446
368
324
412
663
894
80
184
995
276
133
688
434
391
522
251
644
391
112
284
729
812
194
902
534
563
306
634
303
785
73
306
970
801
513
624
845
392
957
344
450
545
659
960
319
689
390
826
121
483
148
9
979
769
728
290
104
266
724
978
633
271
443
755
878
378
713
592
347
164
299
300
138
320
204
138
331
7
552
844
581
704
198
449
306
283
438
147
578
135
756
794
622
540
370
36
808
951
561
403
852
769
374
261
460
640
880
565
245
598
446
616
266
701
267
361
321
540
745
700
293
809
796
530
183
504
569
754
175
105
127
691
840
847
259
241
500
330
453
39
508
656
221
298
652
403
517
230
304
114
405
268
88
459
518
361
566
152
578
165
25
759
749
518
114
147
966
575
965
455
293
518
609
953
350
591
103
190
134
780
668
864
